X	Y	Z
1.774179	0.50524511	1.0
0.26195026	-0.33614716	-1.0
0.7342011	1.0166408	1.0
-0.81878379	-0.28187128	-1.0
0.5829523	-1.5164203	1.0
1.7064618	-0.79457687	1.0
1.4031614	0.85686008	1.0
-1.4903655	0.51018101	1.0
1.5196567	-1.1410162	1.0
-0.44420692	-1.4579781	1.0
-0.84511025	-1.5291968	1.0
0.77955339	-1.1734841	1.0
0.18176226	1.5733517	1.0
1.5365769	0.30311531	1.0
-0.17258221	0.59003352	-1.0
-0.38308909	0.17157798	-1.0
-0.16773684	0.17827519	-1.0
-0.55069939	-0.95766912	1.0
-0.44658771	-0.96799063	1.0
-0.90209719	-0.27792015	-1.0
1.0731344	-1.479546	1.0
0.0076999734	-1.1244829	1.0
-0.10234824	0.85817442	-1.0
-0.70777363	1.7459562	1.0
-0.94146097	0.47669593	1.0
-0.22272169	0.94837301	-1.0
1.4088427	-0.32500523	1.0
0.61868557	1.5508628	1.0
-0.018721428	-0.99468649	-1.0
0.37941866	0.039996429	-1.0
-0.57303252	-1.2599598	1.0
-0.069508455	-1.3712783	1.0
-0.71391601	-0.34443136	-1.0
0.33643907	-1.0668335	1.0
-0.80758006	-1.3891065	1.0
1.4725399	-0.12756577	1.0
-0.38887713	1.5443308	1.0
-0.50758001	0.44183259	-1.0
-1.4612207	-0.78161627	1.0
-0.52222895	0.69095675	-1.0
-0.40454871	-0.75370348	-1.0
0.081618609	-0.43162615	-1.0
-0.98544221	1.6722491	1.0
0.80225171	-0.25647505	-1.0
-0.49043949	-0.95509489	1.0
-0.29056588	0.19960569	-1.0
-1.991691	0.094878383	1.0
0.13477377	0.01114931	-1.0
1.4174239	-0.17605111	1.0
-1.9762765	0.11176883	1.0
1.0301792	-1.6989703	1.0
-0.76588477	0.353476	-1.0
1.1042234	-1.2750443	1.0
0.70522843	-0.25235506	-1.0
-0.1763655	-0.34003498	-1.0
0.22760982	-0.95823471	-1.0
-0.88265687	-0.078821854	-1.0
-0.79178202	-0.88996024	1.0
-0.91853917	-0.88803075	1.0
-0.34065817	-0.37901241	-1.0
-0.0096650909	0.75656798	-1.0
-1.6826042	0.24013931	1.0
0.17475783	-0.39461362	-1.0
-0.59015568	-1.3113984	1.0
0.8536589	0.38742543	-1.0
-0.5286194	0.33972343	-1.0
0.11824784	-0.039379231	-1.0
-0.61708358	-0.26472966	-1.0
-0.63922885	0.32748053	-1.0
0.85880762	0.41019382	-1.0
1.384637	-0.26830147	1.0
-1.9093267	-0.53897139	1.0
-0.92587342	1.7665959	1.0
1.141514	1.200022	1.0
-0.85488403	-0.13908886	-1.0
-1.3478933	0.2545016	1.0
0.65060223	1.1445788	1.0
-0.98988216	-1.369648	1.0
0.48934502	-1.3137838	1.0
-0.66334358	0.33094292	-1.0
0.41393002	-1.6982876	1.0
1.6599896	-0.3795555	1.0
-0.34188443	-0.066771953	-1.0
0.8458394	-0.28485853	-1.0
0.51455716	0.012267486	-1.0
0.78475636	-0.74945919	1.0
-0.0042088679	0.0098315944	-1.0
-1.2907293	-1.4154505	1.0
0.34087774	0.85476966	-1.0
1.160184	0.90586611	1.0
-0.75078019	0.99951928	1.0
0.23566185	-0.103915	-1.0
-0.88036237	-1.2279892	1.0
0.66634872	0.28706326	-1.0
-1.0234386	1.3499314	1.0
0.048130815	0.8918084	-1.0
1.2654602	1.3593887	1.0
0.34519001	-0.70205059	-1.0
-0.037370322	-0.25559432	-1.0
1.2829933	-1.0813318	1.0
0.48990064	1.6831754	1.0
0.56444458	-1.8771068	1.0
0.27526146	-0.6644537	-1.0
0.95365927	0.082701568	-1.0
-1.5099398	1.2553434	1.0
0.71111659	1.4499444	1.0
-0.87021644	-1.1893506	1.0
-0.067796094	0.90653775	-1.0
0.91111982	1.0848281	1.0
-0.31944466	0.1062875	-1.0
-0.11207409	-1.4830523	1.0
1.8361461	0.51413156	1.0
-0.31728551	1.2102624	1.0
1.2835128	1.0614878	1.0
0.69948865	1.4507167	1.0
-1.065786	-1.6901347	1.0
0.93920811	-0.14741124	-1.0
1.7038245	-0.59321429	1.0
0.73731143	-1.0759544	1.0
-0.6629621	1.4251551	1.0
1.8879002	-0.55878489	1.0
0.15350368	0.46202121	-1.0
0.33684403	0.72133408	-1.0
-0.27140704	-0.077228849	-1.0
-0.74321535	1.0012891	1.0
0.049177181	-0.25321549	-1.0
0.73737004	0.27944886	-1.0
-0.08504415	-0.14196861	-1.0
0.65332868	0.35972472	-1.0
-0.1875715	-0.60131889	-1.0
0.11199581	0.61833045	-1.0
-0.34809392	0.7359011	-1.0
1.1834741	-0.29143136	1.0
0.0078707831	-0.13606709	-1.0
0.28752241	-1.6795496	1.0
0.63454487	-1.5105716	1.0
0.25271189	0.69461033	-1.0
0.96444702	-0.16652768	-1.0
-0.60946251	-0.65690082	-1.0
0.55348398	-0.08414076	-1.0
-0.5490111	0.68517934	-1.0
0.12571977	-0.10944354	-1.0
-1.2510622	-1.1096423	1.0
-0.29958279	-0.23875938	-1.0
0.24265187	0.16175377	-1.0
-0.90381823	-0.7429515	1.0
-0.40323175	0.3670634	-1.0
-0.28308022	-0.67510147	-1.0
-0.045994221	1.8604436	1.0
-0.20178748	0.93578185	-1.0
1.1780292	-0.82333194	1.0
0.64594502	0.56085243	-1.0
-0.037976809	0.11184514	-1.0
0.78664153	1.7048183	1.0
-0.65741169	0.29465487	-1.0
-0.8176381	0.3606552	-1.0
0.39085966	1.0555678	1.0
-0.13280346	-1.9887459	1.0
0.73521882	0.60343968	-1.0
-1.616933	-0.98974045	1.0
0.60492714	0.29405438	-1.0
-0.94750488	-0.8829809	1.0
-0.019856902	0.0027799903	-1.0
-1.7022215	0.62774216	1.0
0.082446927	0.38729046	-1.0
1.6842295	0.86230577	1.0
0.67447228	-0.28060736	-1.0
0.17088362	-0.59405517	-1.0
-0.53200991	-0.72412481	-1.0
-1.2950397	-0.22703957	1.0
-0.65738168	1.5345112	1.0
-0.77653792	0.041291176	-1.0
0.20840997	0.24452258	-1.0
0.51586783	-0.729715	-1.0
0.57811016	0.17981029	-1.0
-0.32911374	-0.37954031	-1.0
-0.77226133	-0.52915176	-1.0
-0.1908863	0.20481533	-1.0
-0.26345423	1.2193168	1.0
-0.026220204	0.17395835	-1.0
-0.33830184	-0.16105528	-1.0
-0.2649736	0.42093352	-1.0
0.57134654	0.6110004	-1.0
-0.21478103	1.7966786	1.0
0.47899725	-0.37029486	-1.0
-0.11925759	-0.36410164	-1.0
-0.81869858	0.014147024	-1.0
1.0225347	-0.97157422	1.0
1.5200096	0.27259858	1.0
0.99286487	-1.4646785	1.0
-1.7590957	-0.44788144	1.0
0.082853622	0.090300931	-1.0
1.5506405	0.95612279	1.0
0.57157807	0.81440389	-1.0
-0.48228702	0.67276945	-1.0
-1.1811031	0.40107741	1.0
0.44984794	1.4610461	1.0
0.33890851	-0.9756821	1.0
-0.62180735	0.21667476	-1.0
-0.31473189	-1.3647849	1.0
-0.9931814	0.04951564	-1.0
-1.2975205	0.27920832	1.0
0.76395382	-0.099030364	-1.0
0.4874451	0.61717975	-1.0
0.28876288	0.70582817	-1.0
-0.29087926	-0.55952309	-1.0
0.12837194	0.45741664	-1.0
-1.688241	0.50396734	1.0
-0.088403001	0.2134185	-1.0
-0.02180444	0.96871618	-1.0
0.30504008	-0.20834052	-1.0
-1.452735	-0.021862793	1.0
-0.85396843	0.41478472	-1.0
-0.84111391	1.4510162	1.0
0.080011381	-0.72578472	-1.0
1.5251183	-0.98396862	1.0
-1.4068911	-1.2177425	1.0
0.44777132	-0.2525833	-1.0
0.39096972	1.1062423	1.0
0.22117169	0.2420273	-1.0
-0.96074834	0.2005621	-1.0
-0.86397953	-0.28726342	-1.0
-1.1788545	-0.042826519	1.0
-0.40915959	-0.76380661	-1.0
0.64223262	0.12710663	-1.0
0.68239553	0.11139503	-1.0
-0.59404608	-0.82667983	1.0
1.324771	-1.4378685	1.0
1.6791449	0.93350282	1.0
0.16093569	1.5692264	1.0
-0.6701372	0.097467684	-1.0
-0.94592901	0.092845154	-1.0
-0.36049222	0.36105465	-1.0
0.35349774	0.27987958	-1.0
0.68839868	-0.5813484	-1.0
-1.0919018	-1.1341927	1.0
-0.83822402	-0.66331989	1.0
-1.0779388	0.22287687	1.0
-0.11695033	1.8985208	1.0
1.3210674	1.0626593	1.0
0.64155065	0.050912027	-1.0
-0.82340036	-0.40834581	-1.0
-0.65416961	0.65342181	-1.0
0.42350955	0.15840426	-1.0
1.4507464	1.3448364	1.0
1.2830482	0.43447874	1.0
0.76970879	0.5167569	-1.0
0.50757107	-0.86005491	-1.0
1.3433812	-0.16045692	1.0
0.24477731	-1.3620081	1.0
-0.21332784	-0.66689186	-1.0
-0.24304036	-0.59731072	-1.0
-0.42549708	-0.66441564	-1.0
0.35150091	0.74447834	-1.0
0.22716621	0.41284943	-1.0
-1.6296728	-0.8160363	1.0
1.4529989	0.92735668	1.0
0.049557387	-0.95191363	-1.0
-0.39031409	-1.0312597	1.0
-0.09228456	1.8593095	1.0
1.6721755	-0.82779051	1.0
0.31658748	0.045899881	-1.0
-1.6472465	0.43896676	1.0
-0.39711058	-0.19424898	-1.0
-0.18124376	1.8536882	1.0
0.8744586	1.1012502	1.0
-1.3931661	0.93039734	1.0
0.085865508	0.044448762	-1.0
1.2945132	-0.083837125	1.0
-0.28386535	-0.02990703	-1.0
-0.8797012	0.00037380698	-1.0
-0.59876407	-0.76555623	-1.0
1.60325	-0.015981573	1.0
0.4204493	-0.63658194	-1.0
-0.67387931	-0.07594042	-1.0
-0.030250517	1.6153606	1.0
-1.9376591	-0.18799977	1.0
0.9832293	-0.34663917	1.0
-0.30683559	-0.38995254	-1.0
-0.75458193	-1.1133599	1.0
-0.16316618	0.031349817	-1.0
-1.6116349	1.026596	1.0
0.49132737	0.7906995	-1.0
0.37480715	0.85701881	-1.0
-0.31932488	0.23613914	-1.0
0.23930503	-1.8178348	1.0
-1.4279832	-1.3248415	1.0
-0.53476277	0.81476056	-1.0
-0.044107753	1.053277	1.0
0.19758696	0.93607356	-1.0
-0.231798	-0.83607729	-1.0
0.62907274	0.7446097	-1.0
-0.90895095	0.21617249	-1.0
1.070822	-1.2278578	1.0
-0.23831553	0.83563622	-1.0
-0.68686125	0.91266974	1.0
0.10233761	1.9276314	1.0
-0.40023407	0.74611752	-1.0
0.93809709	1.0020229	1.0
0.35914245	-0.32462099	-1.0
-1.2167548	-1.486094	1.0
-0.23505994	-1.4942353	1.0
1.1201335	-1.5546129	1.0
-1.9318271	-0.4366714	1.0
1.1226381	-0.36596552	1.0
-0.23932157	-0.79603224	-1.0
0.0044816954	-1.572676	1.0
0.54594051	1.617719	1.0
-0.54442933	0.79358562	-1.0
-0.12431329	-0.12225341	-1.0
-0.76348816	-1.0043281	1.0
-0.51128983	0.68160157	-1.0
1.2848975	-1.3686873	1.0
0.64645748	0.86102875	1.0
-0.8062172	-0.61687211	1.0
-0.72223158	-0.62768455	-1.0
0.83871133	0.087668447	-1.0
-0.38578463	1.3337576	1.0
-0.48051071	0.45936232	-1.0
0.74529398	-1.3525321	1.0
0.90010358	1.3081177	1.0
1.4066967	-0.92898136	1.0
1.344818	1.3692194	1.0
-0.37773394	-0.41573153	-1.0
-0.39743487	0.97480791	1.0
0.60259108	-0.32212423	-1.0
-0.63445821	-1.4341496	1.0
0.48243101	0.18528987	-1.0
0.26733621	0.743104	-1.0
-0.55956869	0.036740942	-1.0
1.260016	-0.28967002	1.0
-0.27918985	0.7829112	-1.0
-0.43600724	-1.7314996	1.0
1.0495049	-0.30303493	1.0
1.0287214	-1.3064587	1.0
-0.22349121	0.8637237	-1.0
1.6394565	0.97500415	1.0
1.0391532	1.5935386	1.0
-1.2430797	1.4213809	1.0
1.2978618	-1.3803022	1.0
-0.92120107	0.71131321	1.0
-0.6395292	-0.23665139	-1.0
-0.90395795	0.1322335	-1.0
1.2279607	-1.3808041	1.0
-1.8598402	0.59008732	1.0
1.215421	-0.94171577	1.0
0.084841602	0.10552036	-1.0
0.61714659	-0.36608633	-1.0
1.379553	1.1529273	1.0
-1.276277	0.058398787	1.0
0.37041003	1.6314731	1.0
0.077401248	-0.51374793	-1.0
0.14935712	-0.17776873	-1.0
0.44499333	-0.0090786031	-1.0
-0.40492711	-0.7228658	-1.0
-1.8406682	-0.23621656	1.0
-0.24007937	0.3082751	-1.0
-0.0061785041	-0.91760161	-1.0
1.2664818	-1.5220006	1.0
0.86059169	-0.068675856	-1.0
1.1960539	-0.86508616	1.0
0.36318681	1.8503872	1.0
-0.89553564	1.6261755	1.0
0.35973832	-0.43353287	-1.0
1.1891028	-0.39818679	1.0
-1.0285003	0.21326249	1.0
-0.12200718	0.31600668	-1.0
1.2238535	1.1824414	1.0
0.17619217	-0.73284158	-1.0
-0.14714697	-0.18782227	-1.0
0.89741651	0.044767667	-1.0
-0.54468953	-1.2438718	1.0
-0.96620082	-0.42340006	1.0
0.45636922	-0.77739162	-1.0
1.2326154	-0.10342154	1.0
0.022862146	1.9265997	1.0
1.9033204	-0.40524042	1.0
-1.3561308	0.52835183	1.0
0.12348581	1.4490393	1.0
-1.2306387	-1.151028	1.0
0.65779887	-0.33670678	-1.0
-1.6641097	-0.54740954	1.0
0.32107667	0.80432054	-1.0
0.95241378	-1.0153578	1.0
0.50029662	-0.04504482	-1.0
0.076496709	1.7250923	1.0
1.174594	0.44785962	1.0
0.48520428	-0.31087035	-1.0
0.24785903	1.41404	1.0
0.50376509	0.23834426	-1.0
1.6357353	-0.92582405	1.0
-1.8316813	-0.6214197	1.0
-0.82614174	0.47657669	-1.0
-0.054054192	0.17790268	-1.0
-0.74721582	-0.037222296	-1.0
0.13417863	1.4709344	1.0
-1.5209808	-0.69427055	1.0
-0.011479741	-1.2347298	1.0
0.11423744	-0.88977771	-1.0
0.31153403	-0.90639303	-1.0
-0.98851779	0.075164462	-1.0
0.69140467	0.6555726	-1.0
-0.66103622	0.37113694	-1.0
-0.17604827	0.66559066	-1.0
-1.5682078	-0.5962422	1.0
0.89064837	-0.33486981	-1.0
-0.78408356	0.95854432	1.0
0.31980387	0.56465309	-1.0
1.4452287	0.56546547	1.0
-1.7311082	-0.30774961	1.0
1.1663762	0.68078587	1.0
-0.43773914	-1.8574176	1.0
-1.7867239	-0.068864068	1.0
-0.57374536	-0.20520728	-1.0
-0.45061744	0.58128799	-1.0
-0.5988892	-0.44062876	-1.0
1.0394477	-0.79867834	1.0
-1.6570541	-0.088394846	1.0
-1.8661432	0.43493287	1.0
0.30528323	0.57749733	-1.0
-0.32009526	-1.8753192	1.0
-0.70248647	-0.76350604	1.0
-0.23056821	0.49035951	-1.0
0.54837574	-0.45872162	-1.0
0.79440642	1.1090763	1.0
-1.5204162	-0.54981622	1.0
-1.2381498	-0.41497081	1.0
1.4939392	-0.67155938	1.0
0.42561768	0.58155087	-1.0
0.31054327	0.62442613	-1.0
1.3170947	-0.87993013	1.0
-0.58688672	-0.017338619	-1.0
0.90390632	0.55930866	1.0
1.0265574	0.93264525	1.0
0.75083104	1.4229872	1.0
0.46600319	0.73260987	-1.0
0.22105347	0.58223364	-1.0
0.58857744	1.818687	1.0
0.76864337	-0.92914696	1.0
-1.3665363	-1.2693546	1.0
0.88625404	0.049829786	-1.0
0.085461754	-0.78383162	-1.0
-1.5561621	-1.1630056	1.0
0.0056199487	-0.79785513	-1.0
-0.55745553	-0.84332689	1.0
-0.66443242	0.66081167	-1.0
-1.5060716	0.30647286	1.0
-0.60924602	-1.1444749	1.0
-0.59162245	0.43429271	-1.0
0.90412625	-0.20216222	-1.0
-1.2771543	-0.40160896	1.0
0.094652757	-0.89472429	-1.0
-1.9865006	-0.15822177	1.0
1.7155377	0.15979648	1.0
0.059983106	0.45646708	-1.0
-0.4283333	0.31954166	-1.0
0.027576303	0.97911892	-1.0
-0.11827617	1.6454238	1.0
0.085186757	0.11235368	-1.0
-0.59638988	-1.2960196	1.0
0.06846851	0.82797339	-1.0
-0.54757883	-0.21891388	-1.0
-0.1436109	0.80536253	-1.0
0.50371934	-0.59379819	-1.0
-1.2709818	-0.86691144	1.0
1.8314099	0.13359865	1.0
0.53197488	-0.16866222	-1.0
0.031516219	-0.14328829	-1.0
-1.1082177	-0.65250307	1.0
-0.62180096	1.5417451	1.0
-1.8321067	-0.68924814	1.0
-0.54253635	0.52852039	-1.0
-0.9731749	0.70755827	1.0
1.8340286	0.32260414	1.0
0.35907708	0.35795663	-1.0
0.23634124	1.2087109	1.0
0.22778311	-0.82538317	-1.0
-0.96010656	-0.96156837	1.0
-0.4487467	-0.80184559	-1.0
0.71319975	1.646263	1.0
-1.7848741	0.27018912	1.0
-0.36450101	0.66030069	-1.0
-0.084695145	1.4606629	1.0
1.0797439	1.6099272	1.0
-0.3784378	0.13325266	-1.0
-0.83444318	-0.99821337	1.0
-0.95294058	0.90813228	1.0
0.6676828	0.045751547	-1.0
0.53224396	-1.3766573	1.0
0.95287203	-0.15458336	-1.0
0.033867986	-0.61562499	-1.0
1.5563971	-0.67996096	1.0
0.13976581	-0.47770118	-1.0
-1.4320147	-1.146402	1.0
1.6002847	-0.22385327	1.0
-0.81464537	-0.12324147	-1.0
1.8939478	0.32636476	1.0
-0.17391049	-0.80033989	-1.0
0.51667317	-0.057071003	-1.0
-0.94859464	-1.5346959	1.0
0.0943013	-0.61001917	-1.0
0.14466117	-1.1375123	1.0
-0.35817027	-0.19253118	-1.0
-0.51696152	-0.69590129	-1.0
1.5845299	-1.0738969	1.0
1.5101085	-0.88138696	1.0
-0.64138583	-0.077000149	-1.0
0.38107507	0.77369739	-1.0
1.3512342	-0.97160693	1.0
-0.50197325	-0.21970707	-1.0
-0.60478903	0.69142654	-1.0
0.068567309	0.59377461	-1.0
-0.30132555	0.41933473	-1.0
-0.24837875	-0.25423909	-1.0
-0.71323702	-0.42391769	-1.0
-0.82896538	0.39689547	-1.0
0.030822032	0.16228748	-1.0
0.87698449	0.2235786	-1.0
-0.35976825	0.71563469	-1.0
-0.60222687	0.16531942	-1.0
-0.50536648	-0.75612181	-1.0
0.17927737	0.71182209	-1.0
-0.63885226	-0.076966121	-1.0
-0.75254265	1.2117193	1.0
-1.0350459	0.23044573	1.0
-0.11354632	-0.97811195	-1.0
0.58016302	-0.79884369	-1.0
-0.2373244	-0.88855423	-1.0
1.3471195	0.59880424	1.0
0.078565698	1.2607942	1.0
0.2819075	0.91845125	-1.0
0.73001979	-0.70476239	1.0
0.84478642	1.7374563	1.0
1.8333991	0.16829609	1.0
1.09811	0.63584341	1.0
-0.014587005	-0.86644657	-1.0
0.4768204	-1.4409813	1.0
-0.22764167	-0.26898436	-1.0
0.67791928	-0.4824397	-1.0
-0.016755243	0.78511421	-1.0
-0.2601718	0.15700073	-1.0
-0.24286575	0.38068682	-1.0
0.77181546	0.3114139	-1.0
-0.10403202	-1.2430327	1.0
-0.26123005	1.3261102	1.0
1.1764059	-0.44453625	1.0
0.50918617	-1.3472079	1.0
0.79338744	1.806181	1.0
-1.394147	0.44931203	1.0
-0.51931497	0.1037109	-1.0
0.34946136	0.91053311	-1.0
-0.01331375	1.7610854	1.0
0.61857623	-0.61933419	-1.0
0.47698236	0.61865066	-1.0
-1.3988276	0.91320694	1.0
1.8006398	-0.51835294	1.0
-1.3225463	0.79714179	1.0
0.21138528	-1.9876815	1.0
-0.16716289	0.20983529	-1.0
-0.29770901	-0.14278693	-1.0
-0.3328382	0.68342955	-1.0
0.78437929	-1.1378867	1.0
1.0552667	0.29812791	1.0
0.025087201	-0.92703753	-1.0
-1.7203351	0.24016744	1.0
-1.516283	-1.1826025	1.0
-0.4559293	-0.047984158	-1.0
-1.6307783	0.39522238	1.0
-0.41876245	-1.4733804	1.0
-0.10513957	-0.78655145	-1.0
0.45295491	0.16675167	-1.0
-0.10322739	-0.48721419	-1.0
-0.68487358	-1.5272246	1.0
0.058946512	0.87675729	-1.0
0.59418441	0.74183853	-1.0
-0.59116041	-0.79014647	-1.0
0.92627335	0.19137486	-1.0
-0.95367177	-0.34008733	1.0
1.9579712	0.16546827	1.0
0.13728717	-0.77657685	-1.0
0.18027281	0.18303521	-1.0
-0.41317387	1.8623785	1.0
0.30984916	-0.048376973	-1.0
-0.46617521	0.71502891	-1.0
-1.1027657	0.81488444	1.0
0.142838	0.62268299	-1.0
0.22108882	0.3074781	-1.0
0.45920207	-0.95326452	1.0
1.4195678	0.48593666	1.0
0.45863685	-0.77250077	-1.0
0.45022601	-1.2266786	1.0
0.22961908	0.52118858	-1.0
1.393701	-1.0819139	1.0
0.56925672	-0.83180309	1.0
0.56565957	-0.71335479	-1.0
0.80701577	-1.733097	1.0
-0.85061447	0.41514003	-1.0
1.4011208	-1.4055715	1.0
-0.92696818	-0.35964725	-1.0
-1.2471703	1.1746495	1.0
0.8511615	-1.6741749	1.0
0.56020772	-0.037578028	-1.0
-0.28531571	-0.22269214	-1.0
0.05282734	0.0089218354	-1.0
-0.62492293	0.43499029	-1.0
-0.55860357	0.17440231	-1.0
-1.8339519	0.23475494	1.0
-0.40910218	-0.52799776	-1.0
0.04539514	0.31607996	-1.0
-0.43300287	-0.30280718	-1.0
0.67387378	0.53993641	-1.0
-0.38131211	0.16413891	-1.0
-0.99995575	-0.67307555	1.0
0.36746148	-0.019999139	-1.0
-0.14539464	0.95203413	-1.0
1.2358787	0.25710346	1.0
-0.19238293	-1.1710373	1.0
1.598749	-0.54441226	1.0
-0.44068744	0.85205698	-1.0
-1.5208195	1.2252321	1.0
0.93389404	1.2971841	1.0
-1.3625906	1.1067579	1.0
-0.104621	-0.19750419	-1.0
0.28056964	0.35982651	-1.0
0.28388488	-1.4779658	1.0
1.0288209	1.1289695	1.0
-0.57831953	-0.29110313	-1.0
-0.61582075	-0.95134934	1.0
-0.60244894	0.23926753	-1.0
0.17310213	0.048566642	-1.0
-1.29925	-0.56761554	1.0
-0.14546671	0.57248387	-1.0
-1.2716251	-0.34186504	1.0
0.85934587	-0.130337	-1.0
-1.7258758	0.75130173	1.0
0.18118547	0.078908874	-1.0
0.31105227	1.2682584	1.0
0.14352941	-1.9439307	1.0
0.17920312	0.94860862	-1.0
1.6295266	0.95381768	1.0
0.89031662	-1.2265411	1.0
0.96718303	0.25855396	1.0
1.297337	-0.24857386	1.0
0.92660517	-0.45335499	1.0
0.35783995	-1.0980381	1.0
-0.36772979	-0.29969111	-1.0
-1.3131663	-0.73524962	1.0
1.6194641	0.38315412	1.0
0.22337287	-0.69076962	-1.0
0.18060973	-0.32658303	-1.0
-0.7346135	0.56910883	-1.0
-1.5458005	0.8800062	1.0
-0.75740005	-0.02151199	-1.0
0.11245327	-0.64507599	-1.0
-0.92488272	-0.23529723	-1.0
-1.0018659	0.54494836	1.0
-0.26086252	-0.508523	-1.0
-1.1884941	-1.1950144	1.0
0.53012256	-1.3236267	1.0
0.85367411	0.69718818	1.0
0.51224439	0.72135643	-1.0
-1.7221756	-0.26373973	1.0
-0.77365969	0.25543166	-1.0
-0.96951904	0.011845077	-1.0
-0.89597593	-0.019760279	-1.0
-0.67303366	0.22953836	-1.0
-0.0055050125	0.53449841	-1.0
-0.10791713	-0.85820717	-1.0
0.60157622	1.4806092	1.0
-0.18828685	-0.5309727	-1.0
-1.4412732	-1.3385202	1.0
1.8659829	-0.64899427	1.0
0.044453778	0.73269407	-1.0
1.2253882	0.027373866	1.0
0.34577146	-0.56046271	-1.0
-0.90727342	0.029407637	-1.0
-0.068441139	0.58138173	-1.0
0.8540616	-1.3487676	1.0
0.76158499	-0.88786524	1.0
-1.6945989	0.81307071	1.0
-0.21431605	-0.77987562	-1.0
0.34533387	-0.014197456	-1.0
0.55064921	0.33735361	-1.0
0.94216174	-0.3601714	1.0
-0.30791579	-1.035511	1.0
0.10708258	1.7319305	1.0
0.33959794	-1.0528036	1.0
-1.1962826	-0.57221699	1.0
-0.78163533	0.14611477	-1.0
0.060060199	-0.34933387	-1.0
-0.69418308	0.68239196	-1.0
1.5041346	-0.58447944	1.0
0.11659152	1.9477336	1.0
0.45688384	-1.6967014	1.0
1.6494282	-0.71028238	1.0
-0.9132372	-0.93549458	1.0
-0.029740422	0.82351949	-1.0
-0.75664307	-0.21040346	-1.0
-0.498454	1.6788117	1.0
0.22044528	-1.6054025	1.0
0.23203674	-0.61175987	-1.0
-0.4153572	1.2612663	1.0
-1.4329679	-0.082378118	1.0
0.25034608	0.48955021	-1.0
-1.5257377	-0.35114854	1.0
0.3283099	-0.17131363	-1.0
-0.085237032	-1.7797429	1.0
-0.20043122	0.90673788	-1.0
0.84335178	-1.1979398	1.0
-0.97834399	0.29508374	1.0
0.050524342	0.15383712	-1.0
0.96259521	-1.0561812	1.0
1.3076832	-1.050705	1.0
-1.4324928	-1.0606092	1.0
-0.21092894	0.0078013002	-1.0
-0.21291888	-0.37855297	-1.0
-0.84486954	-1.0677394	1.0
-0.70087342	-0.74497451	1.0
-0.02328809	-0.6703505	-1.0
-0.43530491	-0.8539573	-1.0
-0.17126365	-0.45203418	-1.0
1.4013712	-0.56792976	1.0
1.6573077	-0.15198855	1.0
0.14941549	-1.5613863	1.0
0.78340025	-0.60005632	-1.0
1.4385581	-0.76007298	1.0
-0.34238247	-0.63625898	-1.0
-1.9001072	-0.40855468	1.0
-0.78218044	0.51787262	-1.0
-1.6138315	0.0066812725	1.0
-0.052113927	1.8022862	1.0
0.3881528	-1.0217985	1.0
0.0054026883	1.5988695	1.0
0.93416967	1.3068598	1.0
-0.26328995	-0.92912532	-1.0
-1.0514594	-0.3669006	1.0
0.81664648	-0.90157911	1.0
0.46965828	-0.19115279	-1.0
0.13594581	0.74827024	-1.0
-0.077449392	-1.970965	1.0
-0.82681657	0.11485868	-1.0
1.9151186	-0.025460075	1.0
0.63699556	1.1953878	1.0
0.76545378	0.025210045	-1.0
0.30670572	-0.77481079	-1.0
0.25079018	0.91958656	-1.0
-0.089503417	-0.17044115	-1.0
1.9638435	-0.23933273	1.0
0.58553019	-0.049516207	-1.0
0.063166747	0.15593733	-1.0
0.45414587	-0.56697987	-1.0
0.36649624	-0.68555889	-1.0
1.9542619	0.19022963	1.0
-1.2338434	-1.1299785	1.0
0.38154694	-0.47382078	-1.0
1.6709033	0.55583313	1.0
1.3915103	-0.16327364	1.0
0.33287085	1.4660074	1.0
0.68209751	-0.51943138	-1.0
-1.214644	0.99308695	1.0
0.46308022	0.63679858	-1.0
-0.39329853	0.12307189	-1.0
-0.65618674	-0.52243272	-1.0
-0.90934434	-0.32020322	-1.0
1.3469135	0.79430031	1.0
-0.5840758	0.33006394	-1.0
-1.4267548	1.0974256	1.0
-1.4896364	0.36457267	1.0
-1.1707148	-0.17043557	1.0
0.0017252505	-0.43980826	-1.0
-0.87639121	-1.2695703	1.0
0.56365198	0.19494004	-1.0
-0.12188938	0.061565149	-1.0
-0.78596655	0.82497168	1.0
-0.47300175	-1.2395913	1.0
0.23301896	0.53968777	-1.0
0.47033904	-0.014626224	-1.0
0.73240051	0.21201042	-1.0
0.36202112	1.045531	1.0
-0.6544792	-0.61140662	-1.0
-0.31777111	0.29436915	-1.0
1.6907727	0.54228459	1.0
0.60113253	-1.6027206	1.0
0.74946975	0.38895253	-1.0
-0.12271492	-1.2630291	1.0
0.34050824	0.66539009	-1.0
-1.0867912	-1.6157241	1.0
-0.47890022	0.49779068	-1.0
-0.56355829	1.1326731	1.0
-0.49203381	0.31819644	-1.0
-0.37085579	0.073971695	-1.0
1.4654744	-1.0543229	1.0
0.56582483	0.050232018	-1.0
0.10588625	-0.10544444	-1.0
-0.036171869	1.3598989	1.0
-0.26752112	0.82192098	-1.0
-1.6585489	0.93230097	1.0
1.0580796	-1.3776377	1.0
-0.54700464	-0.54246412	-1.0
-1.5165108	0.67112893	1.0
